
Round: 0
00000000
00000000
00000000
00000000
00000000
00000000
00000000
00000000

Valid moves for 1:
3, 3
3, 4
4, 3
4, 4

Player 1: 4, 4

After move by Player 1
00000000
00000000
00000000
00001000
00000000
00000000
00000000
00000000


Round: 1
00000000
00000000
00000000
00001000
00000000
00000000
00000000
00000000

Valid moves for 2:
3, 3
3, 4
4, 3

Player 2: 3, 4

After move by Player 2
00000000
00000000
00000000
00001000
00002000
00000000
00000000
00000000


Round: 2
00000000
00000000
00000000
00001000
00002000
00000000
00000000
00000000

Valid moves for 1:
3, 3
4, 3

Player 1: 4, 3

After move by Player 1
00000000
00000000
00000000
00011000
00002000
00000000
00000000
00000000


Round: 3
00000000
00000000
00000000
00011000
00002000
00000000
00000000
00000000

Valid moves for 2:
3, 3

Player 2: 3, 3

After move by Player 2
00000000
00000000
00000000
00011000
00022000
00000000
00000000
00000000


Round: 4
00000000
00000000
00000000
00011000
00022000
00000000
00000000
00000000

Valid moves for 1:
2, 2
2, 3
2, 4
2, 5

Player 1: 2, 5

After move by Player 1
00000000
00000000
00000000
00011000
00021000
00000100
00000000
00000000


Round: 5
00000000
00000000
00000000
00011000
00021000
00000100
00000000
00000000

Valid moves for 2:
3, 5
5, 3
5, 5

Player 2: 5, 5

After move by Player 2
00000000
00000000
00000200
00012000
00021000
00000100
00000000
00000000


Round: 6
00000000
00000000
00000200
00012000
00021000
00000100
00000000
00000000

Valid moves for 1:
2, 3
3, 2
4, 5
5, 4

Player 1: 4, 5

After move by Player 1
00000000
00000000
00000200
00011100
00021000
00000100
00000000
00000000


Round: 7
00000000
00000000
00000200
00011100
00021000
00000100
00000000
00000000

Valid moves for 2:
3, 5
5, 3

Player 2: 5, 3

After move by Player 2
00000000
00000000
00020200
00021100
00021000
00000100
00000000
00000000


Round: 8
00000000
00000000
00020200
00021100
00021000
00000100
00000000
00000000

Valid moves for 1:
2, 2
3, 2
4, 2
5, 2
6, 2
6, 5
6, 6

Player 1: 4, 2

After move by Player 1
00000000
00000000
00020200
00111100
00021000
00000100
00000000
00000000


Round: 9
00000000
00000000
00020200
00111100
00021000
00000100
00000000
00000000

Valid moves for 2:
3, 1
3, 5
5, 1

Player 2: 5, 1

After move by Player 2
00000000
00000000
02020200
00211100
00021000
00000100
00000000
00000000


Round: 10
00000000
00000000
02020200
00211100
00021000
00000100
00000000
00000000

Valid moves for 1:
2, 2
2, 3
3, 2
4, 1
6, 2
6, 3
6, 5
6, 6

Player 1: 4, 1

After move by Player 1
00000000
00000000
02020200
01111100
00021000
00000100
00000000
00000000


Round: 11
00000000
00000000
02020200
01111100
00021000
00000100
00000000
00000000

Valid moves for 2:
3, 1
3, 5

Player 2: 3, 1

After move by Player 2
00000000
00000000
02020200
02211100
02021000
00000100
00000000
00000000


Round: 12
00000000
00000000
02020200
02211100
02021000
00000100
00000000
00000000

Valid moves for 1:
2, 2
2, 3
3, 2
4, 0
6, 2
6, 3
6, 5
6, 6

Player 1: 4, 0

After move by Player 1
00000000
00000000
02020200
11111100
02021000
00000100
00000000
00000000


Round: 13
00000000
00000000
02020200
11111100
02021000
00000100
00000000
00000000

Valid moves for 2:
3, 5

Player 2: 3, 5

After move by Player 2
00000000
00000000
02020200
11112200
02022200
00000100
00000000
00000000


Round: 14
00000000
00000000
02020200
11112200
02022200
00000100
00000000
00000000

Valid moves for 1:
2, 0
2, 1
2, 2
2, 3
2, 4
4, 6
6, 0
6, 1
6, 2
6, 3
6, 4
6, 5

Player 1: 4, 6

After move by Player 1
00000000
00000000
02020200
11111110
02022200
00000100
00000000
00000000


Round: 15
00000000
00000000
02020200
11111110
02022200
00000100
00000000
00000000

Valid moves for 2:
1, 5
1, 6
3, 7
5, 2
5, 4
5, 6
5, 7

Player 2: 5, 6

After move by Player 2
00000000
00000000
02020220
11111210
02022200
00000100
00000000
00000000


Round: 16
00000000
00000000
02020220
11111210
02022200
00000100
00000000
00000000

Valid moves for 1:
2, 0
2, 1
2, 2
2, 3
2, 4
2, 6
6, 0
6, 1
6, 2
6, 3
6, 4
6, 5
6, 6

Player 1: 6, 5

After move by Player 1
00000000
00000100
02020120
11111110
02022100
00000100
00000000
00000000


Round: 17
00000000
00000100
02020120
11111110
02022100
00000100
00000000
00000000

Valid moves for 2:
1, 6
2, 6
3, 6
5, 2
5, 4
6, 6
7, 4

Player 2: 7, 4

After move by Player 2
00002000
00000200
02020120
11111110
02022100
00000100
00000000
00000000


Round: 18
00002000
00000200
02020120
11111110
02022100
00000100
00000000
00000000

Valid moves for 1:
2, 0
2, 1
2, 2
2, 3
2, 4
3, 2
5, 7
6, 0
6, 1
6, 2
6, 3
6, 4
6, 6
6, 7
7, 5

Player 1: 6, 3

After move by Player 1
00002000
00010200
02010120
11111110
02022100
00000100
00000000
00000000


Round: 19
00002000
00010200
02010120
11111110
02022100
00000100
00000000
00000000

Valid moves for 2:
1, 5
1, 6
3, 6
5, 2
5, 4
6, 4
6, 6
7, 3

Player 2: 3, 6

After move by Player 2
00002000
00010200
02010120
11111120
02022220
00000100
00000000
00000000


Round: 20
00002000
00010200
02010120
11111120
02022220
00000100
00000000
00000000

Valid moves for 1:
2, 0
2, 1
2, 2
2, 3
2, 4
2, 6
2, 7
3, 7
4, 7
5, 7
6, 0
6, 1
6, 2
6, 7
7, 5

Player 1: 7, 5

After move by Player 1
00002100
00010100
02010120
11111120
02022220
00000100
00000000
00000000


Round: 21
00002100
00010100
02010120
11111120
02022220
00000100
00000000
00000000

Valid moves for 2:
1, 4
1, 5
1, 6
5, 2
5, 4
6, 2
6, 4
6, 6
7, 3
7, 6

Player 2: 1, 5

After move by Player 2
00002100
00010100
02010120
11111120
02022220
00000200
00000200
00000000


Round: 22
00002100
00010100
02010120
11111120
02022220
00000200
00000200
00000000

Valid moves for 1:
0, 5
1, 6
2, 0
2, 1
2, 2
2, 3
2, 4
2, 6
2, 7
3, 7
4, 7
5, 7
6, 0
6, 1
6, 2
6, 7
7, 3

Player 1: 0, 5

After move by Player 1
00002100
00010100
02010120
11111120
02022120
00000100
00000100
00000100


Round: 23
00002100
00010100
02010120
11111120
02022120
00000100
00000100
00000100

Valid moves for 2:
1, 4
1, 6
2, 4
5, 2
5, 4
6, 4
6, 6
7, 3
7, 6

Player 2: 7, 6

After move by Player 2
00002220
00010100
02010120
11111120
02022120
00000100
00000100
00000100


Round: 24
00002220
00010100
02010120
11111120
02022120
00000100
00000100
00000100

Valid moves for 1:
2, 0
2, 1
2, 2
2, 3
2, 4
2, 7
3, 2
3, 7
4, 7
5, 7
6, 0
6, 1
6, 2
6, 7

Player 1: 4, 7

After move by Player 1
00002220
00010100
02010110
11111111
02022110
00000100
00000100
00000100


Round: 25
00002220
00010100
02010110
11111111
02022110
00000100
00000100
00000100

Valid moves for 2:
1, 6
3, 7
5, 2
5, 4
6, 4
6, 6
6, 7
7, 3

Player 2: 6, 6

After move by Player 2
00002220
00010120
02010210
11112111
02022110
00000100
00000100
00000100


Round: 26
00002220
00010120
02010210
11112111
02022110
00000100
00000100
00000100

Valid moves for 1:
2, 0
2, 1
2, 2
2, 3
2, 4
3, 2
5, 4
6, 0
6, 1
6, 2
6, 4
6, 7

Player 1: 2, 3

After move by Player 1
00002220
00010120
02010210
11112111
02011110
00010100
00000100
00000100


Round: 27
00002220
00010120
02010210
11112111
02011110
00010100
00000100
00000100

Valid moves for 2:
2, 2
2, 4
2, 6
3, 7
5, 2
5, 4
5, 7
6, 2
6, 4

Player 2: 2, 4

After move by Player 2
00002220
00010120
02010210
11212111
02022110
00012100
00000100
00000100


Round: 28
00002220
00010120
02010210
11212111
02022110
00012100
00000100
00000100

Valid moves for 1:
1, 3
2, 0
2, 1
2, 2
3, 2
5, 4
6, 0
6, 1
6, 2
6, 4
6, 7

Player 1: 2, 2

After move by Player 1
00002220
00010120
02010210
11212111
01022110
00112100
00000100
00000100


Round: 29
00002220
00010120
02010210
11212111
01022110
00112100
00000100
00000100

Valid moves for 2:
0, 6
1, 1
1, 2
1, 3
1, 6
2, 0
2, 1
2, 6
3, 7
5, 2
5, 4
5, 7
6, 2
6, 4
6, 7
7, 3

Player 2: 1, 6

After move by Player 2
00002220
00010120
02010210
11212111
01022110
00112200
00000120
00000100


Round: 30
00002220
00010120
02010210
11212111
01022110
00112200
00000120
00000100

Valid moves for 1:
0, 7
1, 3
1, 4
1, 7
2, 6
2, 7
3, 2
5, 4
6, 0
6, 1
6, 2
6, 4
6, 7
7, 7

Player 1: 7, 7

After move by Player 1
00002221
00010110
02010110
11211111
01012110
00112200
00000120
00000100


Round: 31
00002221
00010110
02010110
11211111
01012110
00112200
00000120
00000100

Valid moves for 2:
0, 6
1, 2
1, 4
2, 0
2, 1
2, 6
3, 2
3, 7
5, 2
5, 4
5, 7
6, 4
6, 7

Player 2: 5, 7

After move by Player 2
00002221
00010120
02010112
11211121
01012210
00112200
00000120
00000100


Round: 32
00002221
00010120
02010112
11211121
01012210
00112200
00000120
00000100

Valid moves for 1:
0, 7
1, 4
1, 7
2, 6
2, 7
3, 7
6, 0
6, 1
6, 2
6, 7
7, 3

Player 1: 3, 7

After move by Player 1
00002221
00010120
02010112
11211111
01012211
00112200
00000120
00000100


Round: 33
00002221
00010120
02010112
11211111
01012211
00112200
00000120
00000100

Valid moves for 2:
0, 6
1, 1
1, 2
1, 4
2, 0
2, 1
2, 6
2, 7
3, 2
5, 2
5, 4
6, 2
6, 4
6, 7

Player 2: 2, 0

After move by Player 2
00002221
00010120
02010112
11211111
02012211
20112200
00000120
00000100


Round: 34
00002221
00010120
02010112
11211111
02012211
20112200
00000120
00000100

Valid moves for 1:
0, 7
1, 3
1, 4
1, 7
2, 1
2, 6
2, 7
6, 0
6, 1
6, 2
6, 7
7, 3

Player 1: 2, 6

After move by Player 1
00002221
00010120
02010112
11211111
02012111
20111110
00000120
00000100


Round: 35
00002221
00010120
02010112
11211111
02012111
20111110
00000120
00000100

Valid moves for 2:
0, 6
1, 1
1, 2
1, 3
1, 4
2, 7
3, 2
5, 2
5, 4
6, 4
6, 7

Player 2: 0, 6

After move by Player 2
00002221
00010120
02010112
11211111
02022111
20112110
00000220
00000120


Round: 36
00002221
00010120
02010112
11211111
02022111
20112110
00000220
00000120

Valid moves for 1:
0, 4
0, 7
1, 3
1, 4
2, 1
2, 7
3, 2
6, 1
6, 2
6, 7
7, 3

Player 1: 1, 4

After move by Player 1
00002221
00010120
02010112
11211111
02021111
20111110
00001220
00000120


Round: 37
00002221
00010120
02010112
11211111
02021111
20111110
00001220
00000120

Valid moves for 2:
0, 4
1, 1
1, 3
2, 7
5, 2
5, 4
6, 4
7, 3

Player 2: 1, 3

After move by Player 2
00002221
00010120
02010112
11211121
02021211
20222110
00022220
00000120


Round: 38
00002221
00010120
02010112
11211121
02021211
20222110
00022220
00000120

Valid moves for 1:
0, 3
0, 4
0, 7
1, 1
1, 2
2, 1
2, 7
3, 2
6, 1
6, 2
6, 7
7, 3

Player 1: 1, 2

After move by Player 1
00002221
00010120
02010112
11211121
02021211
20212110
00122220
00000120


Round: 39
00002221
00010120
02010112
11211121
02021211
20212110
00122220
00000120

Valid moves for 2:
0, 2
0, 4
1, 1
1, 7
2, 7
3, 2
5, 2
5, 4
6, 2
6, 4
7, 3

Player 2: 0, 4

After move by Player 2
00002221
00010120
02010112
11211121
02021211
20212110
00122220
00002220


Round: 40
00002221
00010120
02010112
11211121
02021211
20212110
00122220
00002220

Valid moves for 1:
0, 3
0, 7
1, 1
1, 7
2, 1
3, 2
6, 1
6, 2
6, 7
7, 3

Player 1: 1, 7

After move by Player 1
00002221
00010120
02010112
11211121
02021211
20212110
00111111
00002220


Round: 41
00002221
00010120
02010112
11211121
02021211
20212110
00111111
00002220

Valid moves for 2:
0, 2
0, 3
2, 7
3, 2
5, 2
5, 4
6, 2
6, 4
7, 3

Player 2: 5, 2

After move by Player 2
00002221
00020120
02210112
11211121
02021211
20212110
00111111
00002220


Round: 42
00002221
00020120
02210112
11211121
02021211
20212110
00111111
00002220

Valid moves for 1:
1, 1
2, 1
3, 2
5, 0
6, 0
6, 1
6, 2
6, 7
7, 3

Player 1: 6, 0

After move by Player 1
00002221
10020120
01210112
11111121
02011211
20211110
00111111
00002220


Round: 43
00002221
10020120
01210112
11111121
02011211
20211110
00111111
00002220

Valid moves for 2:
0, 2
0, 3
0, 7
2, 7
3, 0
3, 2
5, 0
5, 4
6, 1
6, 2
6, 4

Player 2: 5, 0

After move by Player 2
00002221
10020120
22210112
11111121
02011211
20211110
00111111
00002220


Round: 44
00002221
10020120
22210112
11111121
02011211
20211110
00111111
00002220

Valid moves for 1:
1, 1
2, 1
3, 2
6, 1
6, 2
6, 7
7, 3

Player 1: 6, 1

After move by Player 1
00002221
11020120
21110112
11111121
02011211
20211110
00111111
00002220


Round: 45
00002221
11020120
21110112
11111121
02011211
20211110
00111111
00002220

Valid moves for 2:
0, 2
0, 3
2, 7
3, 0
3, 2
5, 4
6, 2
6, 4
7, 0
7, 1
7, 2

Player 2: 6, 2

After move by Player 2
00002221
11220120
21120112
11112121
02011211
20211110
00111111
00002220


Round: 46
00002221
11220120
21120112
11112121
02011211
20211110
00111111
00002220

Valid moves for 1:
1, 1
2, 1
3, 2
5, 4
6, 4
6, 7
7, 1
7, 2
7, 3

Player 1: 7, 1

After move by Player 1
01002221
11120120
21110112
11111121
02011111
20211110
00111111
00002220


Round: 47
01002221
11120120
21110112
11111121
02011111
20211110
00111111
00002220

Valid moves for 2:
0, 2
0, 3
2, 7
3, 0
3, 2
5, 4
6, 4
7, 0
7, 2

Player 2: 2, 7

After move by Player 2
01002221
11120120
21110112
11111122
02011112
20222222
00111121
00002220


Round: 48
01002221
11120120
21110112
11111122
02011112
20222222
00111121
00002220

Valid moves for 1:
0, 7
1, 1
2, 1
3, 2
6, 4
6, 7
7, 3

Player 1: 2, 1

After move by Player 1
01002221
11120120
21110112
11111122
01011112
21222222
00111121
00002220


Round: 49
01002221
11120120
21110112
11111122
01011112
21222222
00111121
00002220

Valid moves for 2:
0, 1
0, 2
0, 3
0, 7
1, 1
3, 0
3, 2
5, 4
6, 4
6, 7
7, 0
7, 2

Player 2: 5, 4

After move by Player 2
01002221
11120220
22222222
11112222
01012122
21222222
00111121
00002220


Round: 50
01002221
11120220
22222222
11112222
01012122
21222222
00111121
00002220

Valid moves for 1:
0, 7
1, 1
3, 2
6, 4
6, 7
7, 3

Player 1: 6, 7

After move by Player 1
01002221
11120221
22222211
11112121
01011121
21212221
00111121
00002220


Round: 51
01002221
11120221
22222211
11112121
01011121
21212221
00111121
00002220

Valid moves for 2:
0, 2
0, 3
1, 1
3, 0
3, 2
7, 0
7, 2
7, 3

Player 2: 7, 2

After move by Player 2
01202221
12220221
22222211
11112121
01011121
21212221
00111121
00002220


Round: 52
01202221
12220221
22222211
11112121
01011121
21212221
00111121
00002220

Valid moves for 1:
0, 7
1, 1
3, 2
6, 4
7, 0
7, 3

Player 1: 7, 0

After move by Player 1
11202221
11220221
22122211
11112121
01011121
21212221
00111121
00002220


Round: 53
11202221
11220221
22122211
11112121
01011121
21212221
00111121
00002220

Valid moves for 2:
0, 2
0, 3
1, 1
3, 0
3, 2

Player 2: 0, 3

After move by Player 2
11202221
11220221
22122211
11122121
01021121
21222221
00122121
00022220


Round: 54
11202221
11220221
22122211
11122121
01021121
21222221
00122121
00022220

Valid moves for 1:
0, 2
0, 7
1, 1
3, 2
6, 4
7, 3

Player 1: 0, 7

After move by Player 1
11202221
11220221
22122211
11122121
01021121
21222121
00122111
00022221


Round: 55
11202221
11220221
22122211
11122121
01021121
21222121
00122111
00022221

Valid moves for 2:
0, 1
0, 2
1, 1
3, 0
3, 2

Player 2: 3, 2

After move by Player 2
11202221
11220221
22222211
12222121
01221121
21222121
00122111
00022221


Round: 56
11202221
11220221
22222211
12222121
01221121
21222121
00122111
00022221

Valid moves for 1:
0, 2
1, 1
6, 4
7, 3

Player 1: 1, 1

After move by Player 1
11202221
11220211
22222111
12221121
01211121
21122121
01122111
00022221


Round: 57
11202221
11220211
22222111
12221121
01211121
21122121
01122111
00022221

Valid moves for 2:
0, 1
0, 2
1, 0
3, 0
6, 4

Player 2: 3, 0

After move by Player 2
11202221
11220211
22222111
22221121
22211121
22122121
01222111
00022221


Round: 58
11202221
11220211
22222111
22221121
22211121
22122121
01222111
00022221

Valid moves for 1:
0, 1
0, 2
1, 0
6, 4
7, 3

Player 1: 6, 4

After move by Player 1
11202221
11111111
22221111
22221121
22211121
22122121
01222111
00022221


Round: 59
11202221
11111111
22221111
22221121
22211121
22122121
01222111
00022221

Valid moves for 2:
0, 1
0, 2
1, 0
7, 3

Player 2: 0, 1

After move by Player 2
11202221
11111111
22221111
22221121
22211121
22122121
02222111
02022221


Round: 60
11202221
11111111
22221111
22221121
22211121
22122121
02222111
02022221

Valid moves for 1:
0, 0
0, 2
1, 0
7, 3

Player 1: 0, 0

After move by Player 1
11202221
11111111
22221111
22221121
22211121
22122121
01222111
12022221


Round: 61
11202221
11111111
22221111
22221121
22211121
22122121
01222111
12022221

Valid moves for 2:
0, 2
1, 0
7, 3

Player 2: 1, 0

After move by Player 2
11202221
11111111
22221111
22221121
22211121
22122121
22222111
12022221


Round: 62
11202221
11111111
22221111
22221121
22211121
22122121
22222111
12022221

Valid moves for 1:
0, 2
7, 3

Player 1: 7, 3

After move by Player 1
11111111
11111111
22221111
22221121
22211121
22122121
22222111
12022221


Round: 63
11111111
11111111
22221111
22221121
22211121
22122121
22222111
12022221

Valid moves for 2:

Player 2 can't move

Round: 63
11111111
11111111
22221111
22221121
22211121
22122121
22222111
12022221

Valid moves for 1:
0, 2

Player 1: 0, 2

After move by Player 1
11111111
11111111
22221111
22221121
22211121
22121121
22112111
11111111


Round: 64
11111111
11111111
22221111
22221121
22211121
22121121
22112111
11111111

Valid moves for 2:

Player 2 can't move

Round: 64
11111111
11111111
22221111
22221121
22211121
22121121
22112111
11111111

Valid moves for 1:

Player 1 can't move

Black: 44
White: 20

